230
232
-263
152
-274
-200
261
97
-57
105
-68
68
165
126
127
40
-178
235
149
278
231
158
-296
203
189
-128
-136
-62
-13
139
48
-248
131
75
91
137
284
134
60
228
-162
62
-256
-239
272
-279
-185
-273
-160
14
-167
-161
100
295
-147
76
-157
-80
-11
269
84
-218
159
130
120
138
29
-86
250
213
-253
258
-117
-236
-175
-78
56
266
115
226
-145
239
-194
-4
54
129
-23
99
-54
109
-130
35
90
102
195
38
184
-244
190
49
-212
-60
89
-114
-278
70
136
177
-259
170
-153
150
263
-159
-102
-280
143
43
-294
-31
280
-10
-261
151
128
-252
-83
81
-151
33
-173
-98
124
-127
224
176
-150
-264
-290
183
21
281
-295
-112
125
-226
122
-288
-3
-241
4
210
-227
171
292
-152
-45
-190
-243
-228
-299
-85
169
-52
259
-58
-16
72
-2
-277
-293
298
85
-199
-231
-275
-225
-205
146
-257
283
153
168
-76
80
6
-215
23
-61
253
-22
181
238
-260
28
234
-125
-135
-283
-242
161
-88
121
282
17
-97
-74
-63
157
-271
74
3
214
16
207
296
-108
46
63
0
240
-20
-142
-71
-21
15
-34
45
-170
268
179
-38
-18
178
-229
-47
32
-245
-235
188
221
249
-79
185
193
106
162
173
180
-233
108
-182
-211
58
254
61
-192
-33
247
255
-183
-27
53
19
262
209
-95
73
276
-144
-186
245
-146
-222
110
-110
-140
82
141
-87
227
270
18
229
-285
294
-291
-149
192
-121
-171
-109
186
107
-232
94
291
202
160
50