786
2485
-1779
-2891
1843
-1366
2476
2875
1945
-2188
1190
134
-200
-2246
-2690
-1181
2327
2009
-849
-469
36
601
1188
-1691
-1324
14
2505
2264
-71
-1237
-1605
2275
-273
2102
1050
749
339
864
1193
-807
-1755
1307
-237
-2179
-366
-2871
-2927
1272
1558
1230
-2488
1911
2198
2703
660
2732
-733
508
2444
2418
2114
-1797
2829
1343
2799
1825
2917
-1361
-1211
-2215
1732
471
-2173
-1004
2361
2977
-2639
2919
905
-70
-784
1660
-1641
-2164
-2862
-464
700
1801
-552
-705
-2440
1929
1681
-2820
577
419
-2499
2843
-1908
-2014
-1085
2609
1848
-2140
-287
990
891
-921
-83
-2933
-1340
1889
2049
-2772
-1914
1289
-1877
-1459
-1589
64
-2834
1781
-564
548
1986
2860
-2324
-1621
2312
-2495
-535
-1251
-738
2718
1332
1755
418
2624
-1850
-2244
-2155
-2846
1386
-1780
1079
163
-1162
875
2582
-2854
-461
717
-968
-604
2827
-1612
-2158
2061
-708
-126
-2405
1760
-1053
1961
333
416
-1196
-691
-1176
2655
-556
726
277
-2216
-2676
-35
2915
2771
2514
-1458
1992
1968
2292
-2019
2326
183
-2920
-2723
-2456
-2082
1936
-114
2492
795
2861
97
1797
-2925
2791
2426
1713
838
-1845
-224
-1060
2112
-2952
-1728
1998
1959
833
-12
2994
-2349
-156
824
-2976
-2602
671
-1922
-1730
-1963
6
1850
2840
-754
1863
2812
-821
-1488
-534
396
692
-2731
-1007
2678
-2520
1776
2667
488
-1437
-478
2232
1910
-1977
-2162
-1638
1014
-2726
-460
708
-855
572
932
916
-2833
2123
-2394
2197
2713
-2665
-842
-1440
2823
1385
-2180
-2181
547
-339
2664
1633
-1124
1692
1206
-975
-283
-2415
-1588
-98
-2245
1611
1445
-2377
-1443
982
1441
-1835
-825
-575
-2778
1707
834
-1540
1526
2451
2374
-1379
-1197
-1601
-695
1904
575
206
-209
1497
228
-2354
2707
-1502
1072
-304
-2096
-2615
295
-43
2998
1083
-2141
-1554
2787
-276
-96
-2183
-546
-1405
2780
2639
-1299
1126
259
-1323
680
96
-1229
-105
920
-2462
1362
-2763
-665
-1432
2752
424
1575
-1273
2077
-2722
-1996
2031
116
-1827
2755
1341
-1291
-154
2150
-456
2775
326
2650
-344
-2693
2165
1243
-1929
1045
2863
840
-2333
311
-2153
-2839
-614
-2253
154
-1548
-1777
767
-1813
-1629
53
2415
-903
-721
-731
-313
1373
-2278
1487
177
2906
-1666
-851
1345
-124
-113
555
-2202
2803
-1949
-904
-1898
732
2554
-167
619
-191
2072
1308
2376
1830
2364
-993
-1526
-434
1296
-611
1729
1983
-280
1089
-2022
16
-1234
-791
2209
-1301
723
527
-1648
-1221
-1860
303
-2712
812
-2152
1071
565
-2036
581
-2868
-2079
250
2048
1168
2224
1460
1088
797
-2228
2258
971
2786
970
-622
1323
1820
-2857
-441
2274
-2721
-2104
1689
2850
2525
2404
-885
147
-872
-574
-952
-2047
-247
811
-165
603
1766
530
2465
-909
-2877
1762
131
-1711
-1541
1184
2560
-2678
514
918
-832
871
-1300
1510
-2359
1931
1640
-2196
602
-112
-901
-2460
-485
1513
-844
-2583
-48
-2399
-1616
-1165
-642
-1689
2221
-1617
-2687
-2201
1051
434
1953
-773
-2504
-2161
-2732
1799
-646
600
237
-2521
-1749
-1226
69
2192
-202
1796
-781
2604
251
653
-2132
1100
1600
-1834
-2299
400
-2122
-262
-440
1784
1981
1580
1191
-2783
1176
-1347
727
2416
-2974
2368
966
276
2504
-2406
-1125
1291
-235
-2021
2483
-2398
2783
2188
739
-474
1827
-2930
-928
1923
-1976
-2969
-2579
174
2272
1374
475
1943
617
-1561
-1568
2457
439
-2966
2565
2587
859
87
-500
-2471
1859
-2623
2551
1598
-2400
-2303
-2434
2925
-2534
-1255
-2083
115
-2087
1679
-2785
636
-1906
-2213
1066
2556
307
-2054
-1866
1836
1094
639
2810
-1970
635
-242
625
1024
2122
-2900
-1116
-955
-2818
331
1148
-2972
2459
-1245
1458
-1571
141
327
2640
-496
858
-2535
-1547
2691
827
464
-1496
856
-2270
-881
221
2905
1214
1777
-1858
-2266
359
-694
284
-1646
-896
-2612
-1899
297
-774
210
-1975
1741
1484
1565
-528
-2758
1287
-125
-592
-2314
1210
2277
-142
-2542
2494
-2288
2893
-776
-749
-1742
-1649
2993
-388
-2057
-245
2369
-1147
2598
-1894
-2138
2460
1407
2954
1469
1869
415
-1320
-1486
-839
-1026
-109
-698
-1974
234
2290
-2000
-116
782
755
1875
-106
1417
-499
-2730
-2252
808
1861
-1888
1918
254
1046
2283
-2994
443
2231
-261
816
-1356
1000
-2633
-2679
1262
1330
1648
-367
-2622
-2401
2015
-415
1479
697
2139
367
2489
999
2866
-302
-935
-1748
759
1359
-2306
984
-2626
2723
2297
1494
-1079
2597
-2632
376
-2343
2563
-2599
2445
855
1007
-978
438
-2544
2284
-2909
-1232
-365
-1979
-2091
-379
278
-1050
1061
-429
40
1745
-2134
-1020
2289
-2313
2252
-1965
2063
2735
1905
895
452
-1322
-1625
1416
2567
-162
-1931
1153
-659
863
583
-2275
-1140
-2529
-1692
1747
-664
-997
2488
-239
-2677
967
1178
-1268
-1047
-919
2471
-1214
-1867
1545
343
1264
1865
-707
1052
-2571
-2304
21
1320
-2235
-1702
-403
-946
-2461
-645
1008
2016
-2748
2756
-2148
268
-2935
1550
-962
-1407
-1504
2670
-1792
1448
-1328
1133
2811
-2353
-2888
-641
631
166
2158
1097
1673
2636
1305
8
-2786
-2230
-882
1367
1399
1454
-615
1012
-1746
-2002
-1219
2717
698
-2250
-2092
2834
-1117
1579
-138
-1497
318
734
-1671
-1188
-1531
-1416
-1678
673
2520
-2446
-123
2729
-2362
2761
-2851
2191
591
1952
-1881
2618
-320
118
2441
-593
-2203
-2051
1185
-2439
-168
-1697
1958
-1457
1900
2493
-205
-1034
608
-2978
-2574
-232
-722
-1084
887
1064
-1506
2245
2497
2422
1853
995
-2892
-2366
57
2531
2547
-2490
286
2778
-702
1339
-2236
-515
427
-2594
1599
877
1887
-836
-672
2402
2047
1444
569
2578
-1639
-486
-1537
-2548
-2983
1048
-590
1759
-1131
-1885
-2477
-1335
2385
-679
-522
-2320
1137
-1015
1974
-1984
-1075
-2780
884
1049
-1647
11
2149
1315
-153
-465
2293
-2822
1871
-510
938
1835
-1710
-1864
55
-1172
-457
-369
-133
-1073
-2782
2082
480
-1794
1263
-2378
876
-1762
-2886
1790
-1392
2491
1535
1199
-1550
-2062
1254
-492
1706
1369
-540
-206
-2540
-1146
-1364
395
2564
-383
1217
-2149
-2169
-2151
-1110
-1490
-2077
-1938
2313
1705
1371
-2037
-2864
546
-850
1602
-2663
2539
-719
1087
-220
2076
1828
-981
740
330
1010
2607
-1738
-2924
-2055
1476
2237
-1282
-550
-1720
-1070
-2119
1486
-3000
-1001
-2566
1426
-964
-788
2524
2033
-2842
-1235
345
-2177
-1665
-1832
573
-316
2409
-1348
-1696
458
1481
-1167
616
-2610
-911
1702
-2908
-1698
-2703
2878
31
-298
472
-2719
20
1805
953
-2198
2743
-1687
1684
2927
-943
2869
543
263
-980
2904
1669
2468
3000
912
160
-1967
-2050
2792
222
-1420
-1260
1150
1542
-1286
-2085
2137
1221
2456
1149
-1874
609
-977
628
-1892
-275
-2893
1499
-631
-2798
2975
-2810
-868
2988
90
1464
-843
-1673
-1097
-602
2596
-699
-47
-915
1268
2645
2895
1609
687
1101
-639
252
-399
2357
-1997
-1836
-1353
435
-2787
1501
-102
414
-991
-2116
288
-2268
1625
-717
-536
1077
-697
2611
-2232
-555
-2784
1215
-973
-1933
-2106
2306
-2491
2208
279
445
704
-373
1671
559
-2247
-1107
-2560
-2890
-878
-2187
-1316
-900
2579
-898
2747
627
2262
736
-1239
2708
124
-1581
-748
-2995
1537
-1271
2697
-1804
-2859
431
-211
-1509
-816
502
-1603
1440
570
-1580
-1729
2026
-332
1047
1026
-800
-1991
-1431
-1821
2572
-1029
-1061
-1663
1922
1300
-2618
108
175
449
1824
-424
888
-471
-1793
539
2763
-2788
-970
-1114
-151
-1790
1090
-1129
-2040
978
2953
-2907
2685
2127
-387
-2652
1474
2566
-2550
-1095
-967
1346
-2745
71
2311
-1329
-2589
-662
2270
1409
1667
2519
1616
-1161
1039
-1315
714
-1854
2794
533
-2254
2107
2408
-1776
2720
190
2548
-2921
-2536
2499
2238
769
1711
-1751
-1592
-1126
729
2068
584
23
1175
2716
1957
1086
-2968
417
-2326
-727
2190
420
-1528
204
-2819
-1274
2268
81
2540
-1317
1319
1147
2036
647
-576
158
-506
1021
-2256
-1358
770
-272
2331
188
2526
-1946
483
-419
-1414
335
-391
-1156
2477
-86
1161
-1069
924
-1076
2701
1687
436
2507
1657
-1121
881
-1645
1162
-1269
1632
2712
2880
1547
1606
1031
48
1703
-1054
1431
-408
-1636
-58
-2821
-1294
-1880
-97
1521
-1435
-2038
1860
-1865
-1852
-137
857
-1951
1651
-2295
512
-1331
2814
-1303
2686
-1254
1556
2822
-1048
-2045
2038
-2395
-2342
1882
-2093
2392
245
-2815
-2959
-2358
-240
30
683
-2530
-2464
-1462
-1795
-726
2973
-961
-1215
-300
-2454
329
-557
2776
604
1317
323
-2280
351
1533
-658
-77
2968
2789
-472
2219
-741
1511
-1659
-2125
-588
2809
-1365
-2598
-797
233
-216
-473
-2391
-1624
98
-146
-1262
2846
1641
-2212
-38
1279
-2435
2510
-1608
1795
579
247
1167
215
-949
1685
-633
-1453
1457
-1143
-1635
-1778
-563
225
467
850
-520
870
-2870
2727
-1091
-2538
2144
2475
-2845
-446
-531
354
-110
-1562
-2323
-57
-2345
544
1115
1076
-438
521
-1918
-2681
-1204
-2035
1128
-2781
-482
1255
-1558
10
1492
2391
-1481
-744
2178
-2061
-1900
1588
-1584
1288
-1225
-650
394
2200
2839
1577
-2298
-1175
2841
-2505
1245
-984
113
-2289
-223
2304
1725
1043
-1257
2342
-1654
1786
-359
-1872
-1391
-559
2631
2110
1761
934
-2597
-2137
41
2029
2961
1699
-1037
-254
-145
-637
-90
-1133
-2396
2018
-1368
1842
2642
917
836
-2016
1779
2179
1613
1111
-1292
-1766
554
-1376
-2667
1170
1878
440
2412
-1567
-2827
-1293
-1469
2758
2235
1125
1041
-2759
2886
1059
1647
2760
-1913
1491
2958
366
747
-2501
-11
2087
861
-1454
-149
-813
1832
1244
-195
2423
599
1980
-2274
1924
444
1586
-291
2463
-199
-1524
-610
310
-2167
2487
1736
-1370
421
1750
-2200
762
1913
365
-1695
-861
-2638
-1056
1406
2673
-1560
-1927
-595
364
-871
1763
2914
-866
-2831
433
1628
432
-2486
-1837
-689
2833
361
-893
-1367
2161
2883
1717
-1599
-1948
722
2859
1121
1249
-1436
1489
-1463
-487
-670
1273
-666
1650
-1622
-810
1851
-913
730
724
1785
-2033
1734
-1149
-2376
2931
-2144
-2517
1881
-859
-2385
804
2838
2062
1314
474
51
1192
948
1044
2936
633
641
-170
1065
19
-1757
-281
-2409
-164
-2189
117
119
-2331
-2360
1730
1962
-2265
-1102
-19
2795
2104
391
-179
-2512
-2176
-490
451
2739
-899
2273
-108
294
2972
1816
-193
-1350
-185
1674
178
-947
993
1504
-2
-736
2577
1070
933
-448
495
1557
-1312
380
2690
1512
594
2141
269
422
-1089
-1141
-360
1004
826
2912
1858
-2552
150
-2426
-188
898
-2765
-2987
-965
-2962
630
2351
-2241
-189
1069
1242
1883
1313
1349
-2305
2443
-1326
-2075
2581
-119
1920
382
1146
231
1614
-2100
2218
2053
-1945
2419
1281
-2879
733
-2993
-2380
-392
-2379
-2463
-568
-1868
-2716
-1157
1155
-873
1582
2467
-1101
-428
-1241
-263
-753
1804
-1522
1159
2021
253
2055
2985
-1289
-393
-1535
-966
-1256
2576
-541
388
2222
1056
1252
-2322
-2715
-703
-107
649
2121
454
-2915
-2528
2754
1140
-2466
800
-635
1591
-29
1266
-2516
-1796
-1224
-2165
-2066
-1429
813
1656
2835
-1243
-2948
2014
-2291
2353
574
882
-2069
937
-290
1971
2020
63
1436
-734
-2487
-2556
-343
-1466
2813
1208
-914
-2503
2676
2359
1629
-1160
-771
-756
-2573
-2662
2027
2282
2948
-1941
1561
-1594
-986
2266
1823
-129
2632
2962
-2472
2643
-462
2963
784
-322
127
2162
-171
1429
2183
-2219
-1180
-2531
1099
-2084
-767
958
-2563
-1817
2753
497
-495
91
2774
-1925
65
1488
2239
-2205
-974
-226
2440
-1108
2195
-989
-2218
2767
-2627
292
-2136
1678
-74
-421
-1378
-1415
187
2937
-2973
2509
2472
-2698
-234
694
-693
384
-1699
-1772
2345
-2110
-2186
-987
-2683
-2507
956
-2262
-2233
1868
-2557
658
-835
-236
-2697
-1960
2654
-1916
-1718
-1094
485
-649
-2478
1174
1637
-735
-85
-2841
-1482
1997
-278
1914
1772
2343
-398
1695
110
62
-1092
86
1216
693
241
-17
-2389
-2450
2046
-1895
2337
902
-2307
1895
-2918
2278
-2067
321
413
-883
-863
1944
-1267
-286
-1201
-309
-84
232
1522
-1106
2215
-2751
2057
186
385
-89
466
-2613
-1716
1235
1324
1517
442
-801
-54
2070
686
1387
-2431
866
-2917
2484
-2825
-2713
2086
2659
-385
316
588
1364
-2757
15
-1981
-2150
-793
-265
59
2553
-362
-1339
2615
-2026
1250
74
2501
271
213
-2861
667
1704
-1072
1605
946
493
1439
2167
2570
1198
1714
-1240
-1539
2793
-2248
-2852
-2146
2470
1303
-1019
1516
2638
477
317
223
-37
2790
-1761
-115
-1575
-1465
-342
1355
516
1972
-1596
757
2187
1016
2999
2561
-2480
-2524
-1826
-2193
-312
-785
-2694
-1264
-1187
-2720
-1551
-1753
-2755
-2951
-743
1989
1360
2849
-587
-2058
-1656
623
-954
942
482
-1747
2700
2555
1015
-565
2305
-1683
-2645
2983
-2938
-1021
1748
2405
1062
2947
-2604
2324
705
-663
-2337
-2564
1213
1780
-1942
-2172
-2640
-1363
2035
-1614
2300
-1495
-2624
1788
-948
-920
-1325
1246
-2223
1449
-1853
626
-122
-1344
-1990
1325
-2800
-213
-803
-1413
-1008
-2060
1546
1357
-2308
1906
-2214
2865
-1650
-1249
536
-2999
-1012
-2897
2877
2421
2309
1310
-1447
-2422
-427
1001
-2411
-2168
1873
1564
-1310
133
199
1768
-2452
-2878
2473
2696
-1768
-1192
2008
-141
2981
-742
2007
-941
2430
-2221
2396
2945
1554
1812
47
-924
-2760
-2341
-594
-2098
-394
-1915
280
1941
-1346
-2885
2050
1370
637
-386
337
2435
-1828
-1493
1993
-1631
34
-396
-1520
-1207
-2990
2001
-1077
84
1251
-760
2034
1311
-1556
-92
-2417
507
249
-1958
2256
-1586
248
448
1610
-2338
-1088
2969
-1577
1006
-1456
2310
356
-91
-2669
-934
-68
-1791
2896
-2998
1068
592
-252
1670
-1924
598
-2943
1415
2322
2593
741
1538
-1355
1413
-937
2352
520
-1013
-1218
-2986
2867
756
-1727
758
2901
-687
772
52
-1031
1562
1060
1649
-1961
-1721
1847
1996
1312
-1438
-2473
-2549
-2442
-1253
2400
-1891
-1578
-1477
-2311
2764
-87
-680
1017
-1907
301
1791
-1103
410
-2894
2094
-2838
282
-8
-656
350
-1248
-1033
-1806
-22
1584
-674
921
135
-1896
-2735
453
-2334
2490
860
1187
2528
1771
1926
1794
2943
-1132
1818
1261
1874
944
1274
-2898
2128
-1955
-583
-2059
-214
2479
-2432
-1740
1375
983
-2949
-621
-489
1074
-2242
-231
-1439
-1163
672
293
2573
261
789
-2634
-259
67
-297
-720
-2369
2742
-55
763
1644
-1926
-2121
1316
383
2069
-20
-834
825
-894
368
-2553
-1389
-453
-606
-2746
2170
-1846
155
-750
-249
1029
-2562
-2734
-140
-2508
1405
193
2446
1082
-533
2800
2307
-655
2193
1854
402
556
-543
2059
-944
1295
1498
446
-969
2303
719
2089
-1410
1894
-1206
-1838
-1883
-1706
585
-2814
2677
-2080
-1618
2172
1840
-354
2301
2759
-960
-603
-2101
2627
203
-902
2946
929
-1774
1897
-82
-2607
-1138
-589
-1428
-1992
2658
1177
-751
1908
-349
-1112
82
791
2406
-988
659
2134
-1375
-1433
1576
1363
1916
2117
2097
-1387
-2475
-2911
2818
-2796
2559
122
2226
2950
-1200
2317
-329
-1281
460
-1775
-2285
2414
-1426
-432
1893
-1285
-918
1394
-2485
-1887
-1876
1701
-1040
-910
151
1601
-1886
810
689
-512
2881
1432
1966
-2443
-418
-2497
-626
-2988
-746
2899
1124
-2130
2949
1870
-2041
-2388
2000
1884
2088
-2025
2287
2852
-2872
930
-1383
-1849
-860
-318
2433
1753
794
-891
1838
491
-1993
-1265
2079
-1382
2987
504
-13
-2803
796
1849
2687
2096
-2127
-1297
2766
1141
2545
-2005
-1964
274
2113
-28
-2960
-1404
2250
751
66
-932
-1002
2133
-355
-2160
-2207
979
1135
-2608
357
-2070
2151
2575
-1337
2902
-321
479
-1259
2125
1054
2762
1698
1589
-285
716
2511
2453
-2919
-1966
1815
246
240
352
1290
217
1984
-2283
-2210
-404
1421
-2286
-121
1524
-2154
374
-718
-1824
-908
455
2214
-260
-2007
347
-10
-2004
2213
1275
-1723
1896
-1912
-1480
-2671
-927
706
-1064
2737
-1507
760
-917
-2559
-2020
1036
823
-327
1027
-41
509
-294
-2811
-777
2592
571
2432
-1398
-454
2807
404
-1150
287
-2175
-779
-2650
-2858
-2418
-2031
2966
-983
370
1597
283
-1489
2746
1462
-2619
892
-2895
1380
-2817
-2554
1518
2012
2380
1683
952
1696
-629
2970
43
2146
132
2168
2856
-136
1028
1005
1668
162
-243
622
2103
2714
-2135
-2617
-1284
2711
1011
75
2393
-537
-502
735
-1464
2679
1837
2532
-44
2502
2259
-1767
-618
941
2808
681
1691
1117
-2525
2251
1566
1639
-2737
-63
-809
1693
1527
375
1379
264
-1715
-876
2534
-724
-2482
-772
-517
49
-1449
-2325
-1726
-1995
2647
-1843
2630
-268
362
2929
-1725
752
2346
2185
-348
2334
-529
897
423
-2642
2600
503
-134
-1460
-2271
1108
-2386
-2740
156
-1081
-75
2653
-357
-1130
-799
-1815
-1863
2989
-2194
355
663
-1352
1331
-739
-1512
-2795
-1153
-184
-1998
-1178
-831
1382
-2099
-340
885
-2701
1335
-1611
-1384
2591
2116
1845
-2957
2959
2765
2032
1571
-916
2437
2606
-1521
-1371
2325
-2832
-992
832
2692
-2844
2855
2384
2159
805
1570
-437
-2416
492
-1662
1627
-2896
-912
1666
-2581
2028
-1511
1951
-2977
2518
-1819
-2319
541
1528
2991
-1736
360
-1412
-1190
1877
1783
1661
2182
-706
-833
-2003
-2287
939
2120
-2856
880
2681
2623
2644
353
-32
2039
-101
2
2769
-972
-50
-1500
-1534
1563
2108
285
-643
1587
-178
-930
-869
644
-1423
1530
-1467
-503
-539
1994
-686
-2347
-2874
-1252
2240
1831
-227
2302
645
-1861
1751
-2515
872
1232
-1597
2628
-634
776
994
2928
-2882
-1189
-874
-2593